pi=3.1415926;
f0=20*10^6;
H=1;
a=1;
c1=18*10^-12;
r3=100000;
k=2*pi*f0*c1;
m=a^2/4+(H-1);
c2=m*c1;
r1=2/(a*k);
r2=a/(2*m*k);
r4=r3/(H-1);