pi=3.1415926;
c5=22*10^-12;
f0=4*10^7;
H=0.2;
a=1;
k=2*pi*f0*c5;
c2=4/(a^2)*(H+1)*c5;
r1=a/(2*H*k);
r3=a/(2*(H+1)*k);
r4=a/(2*k);